(NUMBER_COMPETITOR,I,J,K)	(1,3,3,3)
COMPETITORS	2
k=0:	2	1	0
k=1:	2	1	0
k=2:	0	2	1
Lambda_0:	0.4117647058823529	0.17647058823529413	0.4117647058823529
Lambda_1:	0.5333333333333333	0.3333333333333333	0.13333333333333333
Lambda_2:	0.3333333333333333	0.16666666666666666	0.5
