(NUMBER_COMPETITOR,I,J,K)	(1,3,3,3)
COMPETITORS	1
k=0:	2	0	1
k=1:	1	0	2
k=2:	2	1	0
Lambda_0:	0.4117647058823529	0.11764705882352941	0.47058823529411764
Lambda_1:	0.2777777777777778	0.3333333333333333	0.3888888888888889
Lambda_2:	0.16666666666666666	0.4166666666666667	0.4166666666666667
q:	6000	1000	9000
