(NUMBER_COMPETITOR,I,J,K)	(2,6,6,3)
COMPETITORS	3	4
k=0:	5	1	2	0	3	4
k=1:	0	3	5	4	1	2
k=2:	1	5	4	0	2	3
Lambda_0:	0.13333333333333333	0.3333333333333333	0.5333333333333333
Lambda_1:	0.25	0.4375	0.3125
Lambda_2:	0.4117647058823529	0.23529411764705882	0.35294117647058826
Lambda_3:	0.3333333333333333	0.3333333333333333	0.3333333333333333
Lambda_4:	0.3125	0.5	0.1875
Lambda_5:	0.1875	0.4375	0.375
q:	8000	1000	5000	7000	6000	4000
