(NUMBER_COMPETITOR,I,J,K)	(5,6,6,3)
COMPETITORS	1	4	3	5	2
k=0:	3	0	4	2	1	5
k=1:	2	3	0	4	5	1
k=2:	5	0	2	4	1	3
Lambda_0:	0.29411764705882354	0.29411764705882354	0.4117647058823529
Lambda_1:	0.3684210526315789	0.2631578947368421	0.3684210526315789
Lambda_2:	0.15384615384615385	0.38461538461538464	0.46153846153846156
Lambda_3:	0.23076923076923078	0.38461538461538464	0.38461538461538464
Lambda_4:	0.4375	0.4375	0.125
Lambda_5:	0.2222222222222222	0.5555555555555556	0.2222222222222222
q:	1000	9000	8000	9000	2000	7000
