(NUMBER_COMPETITOR,I,J,K)	(4,6,6,3)
COMPETITORS	1	2	4	0
k=0:	0	2	3	4	5	1
k=1:	4	2	0	5	1	3
k=2:	1	4	0	3	2	5
Lambda_0:	0.2777777777777778	0.2777777777777778	0.4444444444444444
Lambda_1:	0.15789473684210525	0.42105263157894735	0.42105263157894735
Lambda_2:	0.3333333333333333	0.26666666666666666	0.4
Lambda_3:	0.3333333333333333	0.2777777777777778	0.3888888888888889
Lambda_4:	0.2222222222222222	0.4444444444444444	0.3333333333333333
Lambda_5:	0.3333333333333333	0.16666666666666666	0.5
q:	1000	1000	3000	9000	5000	1000
