(NUMBER_COMPETITOR,I,J,K)	(1,3,3,3)
COMPETITORS	2
k=0:	0	2	1
k=1:	2	1	0
k=2:	0	1	2
Lambda_0:	0.4	0.4	0.2
Lambda_1:	0.4	0.25	0.35
Lambda_2:	0.4166666666666667	0.3333333333333333	0.25
