(NUMBER_COMPETITOR,I,J,K)	(5,30,30,20)
COMPETITORS	6	0	10	29	14
k=0:	12	4	15	10	14	7	0	8	19	23	24	29	17	6	26	13	16	20	28	9	21	3	22	2	5	18	27	11	1	25
k=1:	8	27	18	4	9	12	23	11	17	15	22	10	26	2	20	0	25	3	28	24	13	1	7	29	14	21	5	6	16	19
k=2:	24	21	25	14	4	29	16	8	6	18	28	26	2	9	27	3	12	5	7	17	1	15	22	10	23	0	19	11	20	13
k=3:	25	8	22	4	20	6	9	1	0	19	26	2	28	12	13	3	29	17	14	21	5	23	15	16	11	27	10	24	18	7
k=4:	15	14	26	12	8	10	20	1	19	25	4	28	23	9	11	21	17	3	18	27	7	29	16	24	13	0	5	22	2	6
k=5:	25	16	18	24	10	3	22	6	15	28	9	19	0	12	5	27	1	29	26	17	4	13	8	7	21	14	11	23	2	20
k=6:	11	1	27	22	6	29	10	17	9	8	23	26	19	0	16	4	21	18	3	28	13	5	14	7	12	20	24	15	25	2
k=7:	0	26	8	2	5	18	29	1	4	13	10	7	14	20	16	21	24	23	27	15	25	22	19	12	17	6	11	3	9	28
k=8:	21	8	24	28	17	4	20	0	2	26	15	19	9	11	12	18	13	25	27	7	1	14	29	10	3	6	5	16	22	23
k=9:	8	12	26	28	7	16	18	10	3	1	6	27	23	29	19	21	2	4	22	15	24	25	9	20	5	17	0	14	13	11
k=10:	24	23	13	5	4	12	8	22	19	29	21	27	20	26	6	3	1	17	11	15	7	9	25	18	0	14	28	10	2	16
k=11:	3	2	16	10	7	8	11	25	27	22	9	23	0	19	1	12	13	15	14	20	6	29	26	24	5	17	18	21	28	4
k=12:	25	15	27	17	2	6	14	26	16	0	7	24	20	9	3	5	10	8	21	23	29	22	13	1	18	28	19	4	12	11
k=13:	19	25	16	20	2	5	3	22	12	7	27	4	29	15	17	13	24	8	23	18	10	0	28	11	21	6	9	14	26	1
k=14:	19	18	2	0	27	11	28	3	21	15	25	5	8	4	22	29	6	24	23	1	14	9	12	17	26	13	20	7	16	10
k=15:	17	23	11	29	15	20	27	22	28	24	12	14	9	21	4	8	7	16	25	10	0	1	26	5	18	13	3	6	19	2
k=16:	25	7	26	12	24	28	0	10	22	29	9	6	5	2	18	27	11	1	8	13	19	21	20	23	4	15	17	14	16	3
k=17:	23	20	24	17	10	9	18	1	19	15	11	12	16	14	28	27	7	0	6	2	4	13	5	22	25	3	29	8	26	21
k=18:	12	14	9	18	4	11	7	21	17	23	24	27	2	10	22	20	3	29	25	8	15	28	13	5	16	6	19	1	0	26
k=19:	15	9	20	13	7	29	3	18	1	11	6	0	23	16	21	28	25	26	12	10	22	24	8	17	5	2	4	27	19	14
Lambda_0:	0.09195402298850575	0.04597701149425287	0.08045977011494253	0.09195402298850575	0.022988505747126436	0.034482758620689655	0.034482758620689655	0.034482758620689655	0.022988505747126436	0.04597701149425287	0.034482758620689655	0.022988505747126436	0.09195402298850575	0.09195402298850575	0.034482758620689655	0.034482758620689655	0.04597701149425287	0.034482758620689655	0.034482758620689655	0.06896551724137931
Lambda_1:	0.02564102564102564	0.08974358974358974	0.07692307692307693	0.038461538461538464	0.02564102564102564	0.0641025641025641	0.038461538461538464	0.05128205128205128	0.05128205128205128	0.038461538461538464	0.0641025641025641	0.038461538461538464	0.10256410256410256	0.038461538461538464	0.02564102564102564	0.07692307692307693	0.038461538461538464	0.0641025641025641	0.02564102564102564	0.02564102564102564
Lambda_2:	0.022727272727272728	0.09090909090909091	0.09090909090909091	0.03409090909090909	0.022727272727272728	0.056818181818181816	0.03409090909090909	0.07954545454545454	0.045454545454545456	0.022727272727272728	0.03409090909090909	0.022727272727272728	0.09090909090909091	0.056818181818181816	0.07954545454545454	0.022727272727272728	0.03409090909090909	0.056818181818181816	0.07954545454545454	0.022727272727272728
Lambda_3:	0.09411764705882353	0.047058823529411764	0.047058823529411764	0.03529411764705882	0.023529411764705882	0.023529411764705882	0.047058823529411764	0.09411764705882353	0.023529411764705882	0.047058823529411764	0.023529411764705882	0.09411764705882353	0.058823529411764705	0.07058823529411765	0.058823529411764705	0.047058823529411764	0.023529411764705882	0.07058823529411765	0.03529411764705882	0.03529411764705882
Lambda_4:	0.061946902654867256	0.061946902654867256	0.061946902654867256	0.05309734513274336	0.07079646017699115	0.02654867256637168	0.035398230088495575	0.07079646017699115	0.07079646017699115	0.05309734513274336	0.05309734513274336	0.035398230088495575	0.017699115044247787	0.061946902654867256	0.035398230088495575	0.05309734513274336	0.017699115044247787	0.05309734513274336	0.07079646017699115	0.035398230088495575
Lambda_5:	0.054945054945054944	0.03296703296703297	0.08791208791208792	0.03296703296703297	0.054945054945054944	0.07692307692307693	0.04395604395604396	0.07692307692307693	0.03296703296703297	0.06593406593406594	0.07692307692307693	0.03296703296703297	0.03296703296703297	0.02197802197802198	0.02197802197802198	0.03296703296703297	0.06593406593406594	0.04395604395604396	0.07692307692307693	0.03296703296703297
Lambda_6:	0.054945054945054944	0.03296703296703297	0.08791208791208792	0.02197802197802198	0.054945054945054944	0.04395604395604396	0.03296703296703297	0.06593406593406594	0.08791208791208792	0.02197802197802198	0.054945054945054944	0.054945054945054944	0.054945054945054944	0.04395604395604396	0.03296703296703297	0.03296703296703297	0.054945054945054944	0.03296703296703297	0.04395604395604396	0.08791208791208792
Lambda_7:	0.05128205128205128	0.06837606837606838	0.06837606837606838	0.06837606837606838	0.05128205128205128	0.042735042735042736	0.03418803418803419	0.03418803418803419	0.02564102564102564	0.06837606837606838	0.05128205128205128	0.05982905982905983	0.05128205128205128	0.06837606837606838	0.05128205128205128	0.02564102564102564	0.017094017094017096	0.05128205128205128	0.05982905982905983	0.05128205128205128
Lambda_8:	0.0660377358490566	0.0660377358490566	0.05660377358490566	0.04716981132075472	0.03773584905660377	0.07547169811320754	0.04716981132075472	0.0660377358490566	0.03773584905660377	0.018867924528301886	0.07547169811320754	0.05660377358490566	0.03773584905660377	0.05660377358490566	0.0660377358490566	0.03773584905660377	0.03773584905660377	0.02830188679245283	0.04716981132075472	0.03773584905660377
Lambda_9:	0.02127659574468085	0.0425531914893617	0.0425531914893617	0.0851063829787234	0.05319148936170213	0.07446808510638298	0.0425531914893617	0.02127659574468085	0.02127659574468085	0.05319148936170213	0.0425531914893617	0.02127659574468085	0.0851063829787234	0.06382978723404255	0.0851063829787234	0.06382978723404255	0.05319148936170213	0.02127659574468085	0.05319148936170213	0.05319148936170213
Lambda_10:	0.0761904761904762	0.06666666666666667	0.02857142857142857	0.0761904761904762	0.02857142857142857	0.0761904761904762	0.0761904761904762	0.047619047619047616	0.0380952380952381	0.047619047619047616	0.0380952380952381	0.02857142857142857	0.02857142857142857	0.05714285714285714	0.02857142857142857	0.02857142857142857	0.0761904761904762	0.05714285714285714	0.06666666666666667	0.02857142857142857
Lambda_11:	0.08163265306122448	0.030612244897959183	0.02040816326530612	0.05102040816326531	0.061224489795918366	0.02040816326530612	0.061224489795918366	0.05102040816326531	0.07142857142857142	0.061224489795918366	0.05102040816326531	0.061224489795918366	0.04081632653061224	0.04081632653061224	0.07142857142857142	0.030612244897959183	0.061224489795918366	0.030612244897959183	0.05102040816326531	0.05102040816326531
Lambda_12:	0.030927835051546393	0.05154639175257732	0.030927835051546393	0.05154639175257732	0.05154639175257732	0.030927835051546393	0.020618556701030927	0.05154639175257732	0.020618556701030927	0.07216494845360824	0.05154639175257732	0.08247422680412371	0.020618556701030927	0.07216494845360824	0.08247422680412371	0.030927835051546393	0.08247422680412371	0.061855670103092786	0.07216494845360824	0.030927835051546393
Lambda_13:	0.0594059405940594	0.0297029702970297	0.07920792079207921	0.07920792079207921	0.0594059405940594	0.04950495049504951	0.0594059405940594	0.06930693069306931	0.0297029702970297	0.019801980198019802	0.06930693069306931	0.0297029702970297	0.06930693069306931	0.04950495049504951	0.0297029702970297	0.04950495049504951	0.06930693069306931	0.039603960396039604	0.0297029702970297	0.0297029702970297
Lambda_14:	0.03225806451612903	0.021505376344086023	0.03225806451612903	0.021505376344086023	0.021505376344086023	0.08602150537634409	0.053763440860215055	0.03225806451612903	0.07526881720430108	0.053763440860215055	0.03225806451612903	0.043010752688172046	0.021505376344086023	0.07526881720430108	0.08602150537634409	0.03225806451612903	0.08602150537634409	0.08602150537634409	0.043010752688172046	0.06451612903225806
Lambda_15:	0.021739130434782608	0.043478260869565216	0.043478260869565216	0.05434782608695652	0.08695652173913043	0.043478260869565216	0.08695652173913043	0.08695652173913043	0.043478260869565216	0.05434782608695652	0.06521739130434782	0.03260869565217391	0.03260869565217391	0.07608695652173914	0.021739130434782608	0.021739130434782608	0.021739130434782608	0.06521739130434782	0.021739130434782608	0.07608695652173914
Lambda_16:	0.06315789473684211	0.021052631578947368	0.06315789473684211	0.08421052631578947	0.021052631578947368	0.06315789473684211	0.031578947368421054	0.07368421052631578	0.042105263157894736	0.031578947368421054	0.031578947368421054	0.07368421052631578	0.05263157894736842	0.05263157894736842	0.021052631578947368	0.08421052631578947	0.031578947368421054	0.021052631578947368	0.05263157894736842	0.08421052631578947
Lambda_17:	0.04395604395604396	0.08791208791208792	0.02197802197802198	0.04395604395604396	0.06593406593406594	0.02197802197802198	0.07692307692307693	0.07692307692307693	0.054945054945054944	0.06593406593406594	0.03296703296703297	0.03296703296703297	0.06593406593406594	0.03296703296703297	0.03296703296703297	0.054945054945054944	0.06593406593406594	0.06593406593406594	0.02197802197802198	0.03296703296703297
Lambda_18:	0.07407407407407407	0.037037037037037035	0.07407407407407407	0.07407407407407407	0.046296296296296294	0.027777777777777776	0.037037037037037035	0.06481481481481481	0.027777777777777776	0.05555555555555555	0.06481481481481481	0.027777777777777776	0.05555555555555555	0.018518518518518517	0.06481481481481481	0.037037037037037035	0.037037037037037035	0.07407407407407407	0.037037037037037035	0.06481481481481481
Lambda_19:	0.04504504504504504	0.036036036036036036	0.036036036036036036	0.07207207207207207	0.06306306306306306	0.07207207207207207	0.02702702702702703	0.05405405405405406	0.07207207207207207	0.036036036036036036	0.018018018018018018	0.05405405405405406	0.06306306306306306	0.07207207207207207	0.06306306306306306	0.04504504504504504	0.02702702702702703	0.02702702702702703	0.04504504504504504	0.07207207207207207
Lambda_20:	0.0449438202247191	0.056179775280898875	0.07865168539325842	0.02247191011235955	0.0449438202247191	0.0449438202247191	0.02247191011235955	0.02247191011235955	0.033707865168539325	0.07865168539325842	0.0449438202247191	0.0898876404494382	0.06741573033707865	0.07865168539325842	0.07865168539325842	0.033707865168539325	0.033707865168539325	0.02247191011235955	0.0449438202247191	0.056179775280898875
Lambda_21:	0.053763440860215055	0.053763440860215055	0.07526881720430108	0.021505376344086023	0.021505376344086023	0.03225806451612903	0.043010752688172046	0.08602150537634409	0.053763440860215055	0.053763440860215055	0.07526881720430108	0.07526881720430108	0.053763440860215055	0.043010752688172046	0.021505376344086023	0.03225806451612903	0.06451612903225806	0.03225806451612903	0.07526881720430108	0.03225806451612903
Lambda_22:	0.027777777777777776	0.06944444444444445	0.027777777777777776	0.027777777777777776	0.041666666666666664	0.041666666666666664	0.05555555555555555	0.041666666666666664	0.027777777777777776	0.027777777777777776	0.05555555555555555	0.041666666666666664	0.08333333333333333	0.05555555555555555	0.08333333333333333	0.05555555555555555	0.041666666666666664	0.06944444444444445	0.027777777777777776	0.09722222222222222
Lambda_23:	0.0297029702970297	0.04950495049504951	0.019801980198019802	0.06930693069306931	0.04950495049504951	0.019801980198019802	0.039603960396039604	0.04950495049504951	0.07920792079207921	0.07920792079207921	0.06930693069306931	0.06930693069306931	0.06930693069306931	0.0297029702970297	0.019801980198019802	0.0297029702970297	0.06930693069306931	0.06930693069306931	0.019801980198019802	0.06930693069306931
Lambda_24:	0.0392156862745098	0.049019607843137254	0.049019607843137254	0.0392156862745098	0.0784313725490196	0.058823529411764705	0.058823529411764705	0.0196078431372549	0.0392156862745098	0.0392156862745098	0.0784313725490196	0.06862745098039216	0.0784313725490196	0.0784313725490196	0.029411764705882353	0.06862745098039216	0.029411764705882353	0.029411764705882353	0.029411764705882353	0.0392156862745098
Lambda_25:	0.0392156862745098	0.049019607843137254	0.0784313725490196	0.029411764705882353	0.0196078431372549	0.0784313725490196	0.0784313725490196	0.058823529411764705	0.058823529411764705	0.058823529411764705	0.029411764705882353	0.0196078431372549	0.0196078431372549	0.06862745098039216	0.06862745098039216	0.029411764705882353	0.0392156862745098	0.0784313725490196	0.049019607843137254	0.049019607843137254
Lambda_26:	0.05504587155963303	0.027522935779816515	0.07339449541284404	0.06422018348623854	0.05504587155963303	0.01834862385321101	0.027522935779816515	0.07339449541284404	0.05504587155963303	0.05504587155963303	0.045871559633027525	0.05504587155963303	0.06422018348623854	0.027522935779816515	0.03669724770642202	0.07339449541284404	0.045871559633027525	0.05504587155963303	0.07339449541284404	0.01834862385321101
Lambda_27:	0.0594059405940594	0.019801980198019802	0.06930693069306931	0.06930693069306931	0.06930693069306931	0.0594059405940594	0.0297029702970297	0.019801980198019802	0.07920792079207921	0.04950495049504951	0.06930693069306931	0.0594059405940594	0.039603960396039604	0.04950495049504951	0.019801980198019802	0.019801980198019802	0.0297029702970297	0.039603960396039604	0.07920792079207921	0.06930693069306931
Lambda_28:	0.04807692307692308	0.0673076923076923	0.07692307692307693	0.019230769230769232	0.019230769230769232	0.028846153846153848	0.0673076923076923	0.0673076923076923	0.07692307692307693	0.07692307692307693	0.038461538461538464	0.028846153846153848	0.028846153846153848	0.0673076923076923	0.028846153846153848	0.019230769230769232	0.04807692307692308	0.0673076923076923	0.07692307692307693	0.04807692307692308
Lambda_29:	0.03125	0.07291666666666667	0.03125	0.020833333333333332	0.03125	0.08333333333333333	0.020833333333333332	0.020833333333333332	0.03125	0.08333333333333333	0.08333333333333333	0.020833333333333332	0.07291666666666667	0.08333333333333333	0.052083333333333336	0.07291666666666667	0.041666666666666664	0.041666666666666664	0.041666666666666664	0.0625
q:	7000	6000	6000	6000	1000	7000	2000	8000	9000	5000	9000	9000	8000	5000	7000	7000	3000	5000	7000	4000	1000	6000	2000	5000	3000	5000	2000	6000	4000	8000
